10.4664, 46.8897, 8.08692, 2.01616, 6.48282, -49.1234, -4.59176, 6.44178, -22.0318, -6.13042, 3.41695, -15.0061, -56.6721, 67.1329, -14.2975
10.6614, 46.8068, 8.22591, 2.01797, 6.51079, -49.4017, -4.59412, 6.47658, -22.157, -6.13132, 3.43586, -15.0909, -56.6721, 67.1329, -14.2975
10.853, 46.725, 8.36093, 2.01982, 6.53816, -49.675, -4.59633, 6.51073, -22.28, -6.13216, 3.45442, -15.1741, -56.6721, 67.1329, -14.2975
11.1465, 46.5925, 8.57969, 2.02276, 6.57921, -50.0874, -4.59948, 6.5622, -22.4655, -6.13335, 3.48241, -15.2997, -56.6721, 67.1329, -14.2975
11.6093, 46.3767, 8.92657, 2.02768, 6.64302, -50.7335, -4.60397, 6.64273, -22.7563, -6.13504, 3.52624, -15.4965, -56.6721, 67.1329, -14.2975
12.1913, 46.0968, 9.35857, 2.03442, 6.72195, -51.5419, -4.60882, 6.74329, -23.1201, -6.13685, 3.58103, -15.7427, -56.6721, 67.1329, -14.2975
12.8321, 45.7699, 9.84785, 2.04243, 6.80629, -52.4175, -4.6131, 6.85195, -23.5141, -6.13841, 3.6403, -16.0093, -56.6721, 67.1329, -14.2975
13.5083, 45.3998, 10.3838, 2.05148, 6.8922, -53.3226, -4.61647, 6.96397, -23.9214, -6.13961, 3.7015, -16.2848, -56.6721, 67.1329, -14.2975
14.2427, 44.9748, 10.9699, 2.06204, 6.98286, -54.2931, -4.61888, 7.08377, -24.3582, -6.14041, 3.76703, -16.5803, -56.6721, 67.1329, -14.2975
14.9859, 44.5142, 11.579, 2.07341, 7.0714, -55.2568, -4.62005, 7.20238, -24.792, -6.14071, 3.83202, -16.8736, -56.6721, 67.1329, -14.2975
15.7083, 44.0288, 12.2001, 2.08588, 7.15302, -56.1748, -4.61982, 7.31396, -25.1971, -6.14063, 3.89307, -17.1518, -56.6721, 67.1329, -14.2975
16.4331, 43.5051, 12.8426, 2.10026, 7.23039, -57.0831, -4.61824, 7.42242, -25.5857, -6.14026, 3.95224, -17.4251, -56.6721, 67.1329, -14.2975
17.1231, 42.9641, 13.4743, 2.11136, 7.30429, -57.915, -4.6165, 7.52495, -25.9675, -6.13925, 4.00882, -17.6793, -56.6721, 67.1329, -14.2975
17.7478, 42.4245, 14.0744, 2.11412, 7.37642, -58.6088, -4.61576, 7.61931, -26.3545, -6.13733, 4.06246, -17.9018, -56.6721, 67.1329, -14.2975
18.3239, 41.8747, 14.6603, 2.10926, 7.44828, -59.1848, -4.6159, 7.70733, -26.751, -6.13462, 4.11408, -18.0979, -56.6721, 67.1329, -14.2975
18.8372, 41.3334, 15.2126, 2.10141, 7.51514, -59.6676, -4.61607, 7.78631, -27.1248, -6.13164, 4.16124, -18.2687, -56.6721, 67.1329, -14.2975
19.2727, 40.8205, 15.7159, 2.09431, 7.57245, -60.0721, -4.61577, 7.85344, -27.4466, -6.12888, 4.20154, -18.413, -56.6721, 67.1329, -14.2975
19.6379, 40.3278, 16.1879, 2.08574, 7.6222, -60.3848, -4.61565, 7.90949, -27.7285, -6.12624, 4.23581, -18.5297, -56.6721, 67.1329, -14.2975
19.9266, 39.8701, 16.6129, 2.07729, 7.66399, -60.6269, -4.61554, 7.95535, -27.9665, -6.12387, 4.26421, -18.623, -56.6721, 67.1329, -14.2975
20.1309, 39.4676, 16.9721, 2.07137, 7.69647, -60.8232, -4.61515, 7.99139, -28.1512, -6.12202, 4.28644, -18.6974, -56.6721, 67.1329, -14.2975
20.2566, 39.1219, 17.2767, 2.06757, 7.71908, -60.964, -4.61471, 8.01669, -28.2797, -6.12071, 4.302, -18.7501, -56.6721, 67.1329, -14.2975
20.2978, 38.8282, 17.5291, 2.06512, 7.73377, -61.0556, -4.61438, 8.03313, -28.3633, -6.11985, 4.31212, -18.7844, -56.6721, 67.1329, -14.2975
20.2442, 38.5842, 17.7252, 2.06363, 7.74274, -61.1115, -4.61416, 8.04315, -28.4142, -6.11932, 4.31829, -18.8054, -56.6721, 67.1329, -14.2975
20.092, 38.4, 17.8629, 2.06316, 7.74562, -61.1294, -4.61409, 8.04637, -28.4306, -6.11915, 4.32027, -18.8121, -56.6721, 67.1329, -14.2975
19.852, 38.2633, 17.9537, 2.0637, 7.74231, -61.1088, -4.61417, 8.04267, -28.4118, -6.11935, 4.31799, -18.8044, -56.6721, 67.1329, -14.2975
19.5364, 38.1538, 18.0105, 2.06518, 7.73337, -61.053, -4.61439, 8.03267, -28.3609, -6.11988, 4.31184, -18.7835, -56.6721, 67.1329, -14.2975
19.1362, 38.0728, 18.033, 2.06756, 7.7191, -60.9641, -4.61471, 8.01672, -28.2798, -6.12071, 4.30201, -18.7502, -56.6721, 67.1329, -14.2975
18.662, 38.0218, 18.021, 2.07094, 7.69897, -60.8388, -4.6151, 7.99419, -28.1654, -6.12187, 4.28816, -18.7032, -56.6721, 67.1329, -14.2975
18.1389, 37.9945, 17.9789, 2.07548, 7.67229, -60.6727, -4.61552, 7.96431, -28.0138, -6.12339, 4.2698, -18.641, -56.6721, 67.1329, -14.2975
17.5614, 37.9914, 17.9049, 2.08162, 7.63829, -60.4654, -4.61583, 7.92645, -27.8207, -6.12529, 4.2465, -18.5627, -56.6721, 67.1329, -14.2975
16.9337, 38.0108, 17.8007, 2.08898, 7.59784, -60.2177, -4.61596, 7.88128, -27.5911, -6.1275, 4.21876, -18.4694, -56.6721, 67.1329, -14.2975
16.2838, 38.0452, 17.6741, 2.09659, 7.55246, -59.9284, -4.61597, 7.82988, -27.3344, -6.12985, 4.18742, -18.3621, -56.6721, 67.1329, -14.2975
15.6117, 38.0941, 17.5248, 2.10594, 7.50012, -59.6005, -4.61549, 7.77085, -27.0384, -6.13248, 4.15142, -18.2397, -56.6721, 67.1329, -14.2975
14.9154, 38.1569, 17.3519, 2.11606, 7.44229, -59.2317, -4.61453, 7.70514, -26.7122, -6.13524, 4.11154, -18.1031, -56.6721, 67.1329, -14.2975
14.2263, 38.2248, 17.1635, 2.12162, 7.38655, -58.811, -4.61406, 7.63819, -26.4025, -6.13748, 4.07193, -17.9567, -56.6721, 67.1329, -14.2975
13.5486, 38.2956, 16.9565, 2.1183, 7.33679, -58.3113, -4.61504, 7.57184, -26.1354, -6.13881, 4.03442, -17.7983, -56.6721, 67.1329, -14.2975
12.8749, 38.3709, 16.7303, 2.10888, 7.28965, -57.746, -4.61697, 7.50436, -25.8916, -6.13947, 3.99748, -17.6279, -56.6721, 67.1329, -14.2975
12.246, 38.4421, 16.5105, 2.09894, 7.24441, -57.1917, -4.6187, 7.43932, -25.6618, -6.13986, 3.96212, -17.4623, -56.6721, 67.1329, -14.2975
11.679, 38.5068, 16.3086, 2.09183, 7.1998, -56.6846, -4.61955, 7.37748, -25.4347, -6.14026, 3.92814, -17.3081, -56.6721, 67.1329, -14.2975
11.1568, 38.5689, 16.1137, 2.08527, 7.15597, -56.1929, -4.62002, 7.31727, -25.2134, -6.14054, 3.89506, -17.1585, -56.6721, 67.1329, -14.2975
10.7175, 38.621, 15.9461, 2.0798, 7.11789, -55.7695, -4.62018, 7.26534, -25.0228, -6.14067, 3.86655, -17.0296, -56.6721, 67.1329, -14.2975
10.3954, 38.6565, 15.8246, 2.0759, 7.08978, -55.4589, -4.62014, 7.22721, -24.883, -6.14071, 3.84564, -16.9351, -56.6721, 67.1329, -14.2975
10.1795, 38.6777, 15.7435, 2.07324, 7.07015, -55.243, -4.62004, 7.20069, -24.7858, -6.14071, 3.83109, -16.8694, -56.6721, 67.1329, -14.2975
10.0426, 38.6963, 15.6868, 2.07152, 7.05722, -55.1013, -4.61995, 7.18326, -24.722, -6.14069, 3.82154, -16.8263, -56.6721, 67.1329, -14.2975
9.96996, 38.7202, 15.6454, 2.07061, 7.05032, -55.0259, -4.61988, 7.17399, -24.6881, -6.14068, 3.81645, -16.8033, -56.6721, 67.1329, -14.2975
9.98293, 38.7423, 15.631, 2.07073, 7.05126, -55.0361, -4.61989, 7.17525, -24.6927, -6.14068, 3.81714, -16.8064, -56.6721, 67.1329, -14.2975
10.0354, 38.7749, 15.6196, 2.07129, 7.05555, -55.0831, -4.61993, 7.18102, -24.7138, -6.14069, 3.82031, -16.8207, -56.6721, 67.1329, -14.2975
10.079, 38.8314, 15.5856, 2.0717, 7.05863, -55.1168, -4.61996, 7.18517, -24.729, -6.1407, 3.82258, -16.831, -56.6721, 67.1329, -14.2975
10.1275, 38.909, 15.5354, 2.07213, 7.06188, -55.1523, -4.61998, 7.18954, -24.745, -6.1407, 3.82498, -16.8418, -56.6721, 67.1329, -14.2975
10.1855, 39.0039, 15.4733, 2.07263, 7.06556, -55.1927, -4.62001, 7.19451, -24.7632, -6.1407, 3.8277, -16.8541, -56.6721, 67.1329, -14.2975
10.2502, 39.1142, 15.3998, 2.07312, 7.06926, -55.2332, -4.62004, 7.19949, -24.7814, -6.14071, 3.83043, -16.8664, -56.6721, 67.1329, -14.2975
10.3232, 39.241, 15.3144, 2.07365, 7.07324, -55.2769, -4.62006, 7.20486, -24.8011, -6.14071, 3.83338, -16.8797, -56.6721, 67.1329, -14.2975
10.4023, 39.383, 15.2172, 2.07418, 7.07717, -55.3201, -4.62009, 7.21016, -24.8205, -6.14071, 3.83628, -16.8929, -56.6721, 67.1329, -14.2975
10.4841, 39.5384, 15.1087, 2.07463, 7.08049, -55.3566, -4.6201, 7.21465, -24.8369, -6.14071, 3.83875, -16.904, -56.6721, 67.1329, -14.2975
10.5699, 39.7079, 14.9883, 2.07504, 7.08344, -55.3891, -4.62012, 7.21864, -24.8516, -6.14071, 3.84093, -16.9139, -56.6721, 67.1329, -14.2975
10.6582, 39.8905, 14.8561, 2.07536, 7.0858, -55.4151, -4.62013, 7.22183, -24.8633, -6.14071, 3.84268, -16.9218, -56.6721, 67.1329, -14.2975
10.7455, 40.0843, 14.7129, 2.07552, 7.08701, -55.4284, -4.62013, 7.22347, -24.8693, -6.14071, 3.84359, -16.9259, -56.6721, 67.1329, -14.2975
10.8324, 40.2897, 14.558, 2.07555, 7.0872, -55.4305, -4.62013, 7.22372, -24.8702, -6.14071, 3.84372, -16.9265, -56.6721, 67.1329, -14.2975
10.9181, 40.5061, 14.3915, 2.07542, 7.08628, -55.4203, -4.62013, 7.22247, -24.8656, -6.14071, 3.84304, -16.9234, -56.6721, 67.1329, -14.2975
10.9995, 40.7312, 14.2148, 2.07508, 7.08379, -55.393, -4.62012, 7.21912, -24.8533, -6.14071, 3.8412, -16.9151, -56.6721, 67.1329, -14.2975
11.0764, 40.9651, 14.0272, 2.07453, 7.07973, -55.3483, -4.6201, 7.21363, -24.8332, -6.14071, 3.83818, -16.9015, -56.6721, 67.1329, -14.2975
11.1488, 41.2076, 13.8286, 2.07378, 7.07414, -55.2868, -4.62007, 7.20607, -24.8055, -6.14071, 3.83404, -16.8827, -56.6721, 67.1329, -14.2975
11.2141, 41.4561, 13.6211, 2.07278, 7.06672, -55.2054, -4.62002, 7.19607, -24.7689, -6.14071, 3.82856, -16.858, -56.6721, 67.1329, -14.2975
11.2718, 41.7102, 13.4045, 2.07154, 7.05738, -55.1031, -4.61995, 7.18348, -24.7228, -6.14069, 3.82166, -16.8268, -56.6721, 67.1329, -14.2975
11.3222, 41.9702, 13.1782, 2.07006, 7.0462, -54.9808, -4.61984, 7.16844, -24.6678, -6.14067, 3.81341, -16.7896, -56.6721, 67.1329, -14.2975
11.3637, 42.2333, 12.945, 2.06836, 7.0331, -54.8379, -4.61969, 7.15087, -24.6035, -6.14064, 3.80378, -16.7461, -56.6721, 67.1329, -14.2975
11.3956, 42.4986, 12.7053, 2.06643, 7.018, -54.6735, -4.61949, 7.13064, -24.5295, -6.14058, 3.7927, -16.6961, -56.6721, 67.1329, -14.2975
11.4183, 42.7669, 12.4581, 2.06427, 7.00091, -54.4881, -4.61921, 7.1078, -24.446, -6.14051, 3.78019, -16.6397, -56.6721, 67.1329, -14.2975
11.4313, 43.0351, 12.2065, 2.06194, 6.98199, -54.2836, -4.61886, 7.0826, -24.354, -6.1404, 3.76639, -16.5774, -56.6721, 67.1329, -14.2975
11.4341, 43.3019, 11.9519, 2.05943, 6.96126, -54.0604, -4.61841, 7.05508, -24.2535, -6.14026, 3.75133, -16.5095, -56.6721, 67.1329, -14.2975
11.427, 43.5686, 11.6927, 2.05676, 6.93861, -53.8174, -4.61785, 7.02509, -24.1441, -6.14008, 3.73492, -16.4355, -56.6721, 67.1329, -14.2975
11.4105, 43.832, 11.4323, 2.05397, 6.91442, -53.559, -4.61717, 6.99319, -24.0279, -6.13985, 3.71747, -16.3568, -56.6721, 67.1329, -14.2975
11.3849, 44.0904, 11.1729, 2.05112, 6.8889, -53.2876, -4.61635, 6.95965, -23.9057, -6.13957, 3.69913, -16.2742, -56.6721, 67.1329, -14.2975
11.3498, 44.3454, 10.9127, 2.04817, 6.86176, -53.0004, -4.61539, 6.92413, -23.7764, -6.13923, 3.67972, -16.1868, -56.6721, 67.1329, -14.2975
11.3069, 44.5941, 10.6549, 2.04521, 6.83359, -52.7036, -4.61428, 6.88739, -23.6429, -6.13884, 3.65965, -16.0964, -56.6721, 67.1329, -14.2975
11.2574, 44.8342, 10.4025, 2.04228, 6.80482, -52.4021, -4.61303, 6.85004, -23.5072, -6.13839, 3.63926, -16.0046, -56.6721, 67.1329, -14.2975
11.2003, 45.0676, 10.1537, 2.03936, 6.77503, -52.0915, -4.61162, 6.81152, -23.3674, -6.13788, 3.61824, -15.91, -56.6721, 67.1329, -14.2975
11.1379, 45.2917, 9.91136, 2.03652, 6.7449, -51.7789, -4.61008, 6.77273, -23.2267, -6.13731, 3.59708, -15.8148, -56.6721, 67.1329, -14.2975
11.0728, 45.5037, 9.67896, 2.03381, 6.71515, -51.4718, -4.60843, 6.73459, -23.0885, -6.1367, 3.57628, -15.7213, -56.6721, 67.1329, -14.2975
11.0033, 45.7059, 9.45493, 2.0312, 6.68527, -51.1649, -4.60667, 6.69642, -22.9504, -6.13605, 3.55548, -15.6279, -56.6721, 67.1329, -14.2975
10.932, 45.8959, 9.24185, 2.02874, 6.65594, -50.8651, -4.60482, 6.65911, -22.8155, -6.13536, 3.53516, -15.5366, -56.6721, 67.1329, -14.2975
10.8625, 46.0708, 9.04334, 2.02649, 6.62811, -50.5819, -4.60297, 6.62386, -22.6881, -6.13466, 3.51596, -15.4503, -56.6721, 67.1329, -14.2975
10.793, 46.2325, 8.85822, 2.02441, 6.6013, -50.3103, -4.60109, 6.59, -22.5658, -6.13396, 3.49754, -15.3676, -56.6721, 67.1329, -14.2975
10.7258, 46.3794, 8.68859, 2.02252, 6.57608, -50.0558, -4.59925, 6.55826, -22.4513, -6.13326, 3.48027, -15.2901, -56.6721, 67.1329, -14.2975
10.6649, 46.5083, 8.53822, 2.0209, 6.55352, -49.829, -4.59753, 6.52996, -22.3493, -6.13261, 3.46487, -15.221, -56.6721, 67.1329, -14.2975
10.6092, 46.6207, 8.40626, 2.01949, 6.53328, -49.6262, -4.59594, 6.50463, -22.258, -6.13201, 3.45111, -15.1593, -56.6721, 67.1329, -14.2975
10.5598, 46.7156, 8.29426, 2.0183, 6.51571, -49.4507, -4.59452, 6.48271, -22.179, -6.13147, 3.43919, -15.1058, -56.6721, 67.1329, -14.2975
10.5208, 46.7897, 8.20615, 2.01738, 6.50187, -49.3128, -4.59337, 6.46546, -22.117, -6.13103, 3.42982, -15.0638, -56.6721, 67.1329, -14.2975
10.4966, 46.8352, 8.15185, 2.01683, 6.49331, -49.2276, -4.59266, 6.45482, -22.0787, -6.13076, 3.42403, -15.0379, -56.6721, 67.1329, -14.2975
10.4817, 46.8621, 8.11981, 2.0165, 6.48813, -49.1761, -4.59222, 6.44837, -22.0555, -6.13059, 3.42053, -15.0222, -56.6721, 67.1329, -14.2975
14.6793, 44.805, 11.0511, 2.04828, 6.98704, -54.1242, -4.6074, 7.0879, -24.5058, -6.13169, 3.77574, -16.5625, -56.6721, 67.1329, -14.2975
14.6095, 44.6721, 11.1605, 2.04901, 6.99163, -54.1765, -4.60768, 7.09399, -24.5261, -6.13185, 3.77898, -16.5779, -56.6721, 67.1329, -14.2975
14.5242, 44.5096, 11.2944, 2.04992, 6.99725, -54.2403, -4.60803, 7.10145, -24.551, -6.13205, 3.78295, -16.5968, -56.6721, 67.1329, -14.2975
14.4468, 44.3622, 11.4158, 2.05073, 7.00234, -54.2982, -4.60834, 7.1082, -24.5736, -6.13223, 3.78655, -16.6139, -56.6721, 67.1329, -14.2975
14.3783, 44.2319, 11.5232, 2.05146, 7.00684, -54.3495, -4.60862, 7.11418, -24.5936, -6.13239, 3.78973, -16.629, -56.6721, 67.1329, -14.2975
14.2802, 44.045, 11.6773, 2.05249, 7.0133, -54.4229, -4.60902, 7.12275, -24.6222, -6.13262, 3.79429, -16.6507, -56.6721, 67.1329, -14.2975
14.144, 43.7857, 11.8909, 2.05393, 7.02227, -54.5248, -4.60957, 7.13464, -24.6619, -6.13294, 3.80062, -16.6808, -56.6721, 67.1329, -14.2975
14.0239, 43.5571, 12.0793, 2.0552, 7.03017, -54.6147, -4.61006, 7.14512, -24.6969, -6.13322, 3.8062, -16.7073, -56.6721, 67.1329, -14.2975
13.9396, 43.3965, 12.2116, 2.05609, 7.03572, -54.6778, -4.6104, 7.15249, -24.7215, -6.13342, 3.81011, -16.726, -56.6721, 67.1329, -14.2975
13.8263, 43.1807, 12.3893, 2.05729, 7.04318, -54.7626, -4.61086, 7.16238, -24.7546, -6.13368, 3.81538, -16.751, -56.6721, 67.1329, -14.2975
13.6496, 42.8442, 12.6667, 2.05915, 7.05481, -54.8948, -4.61158, 7.17781, -24.8062, -6.13409, 3.82359, -16.7901, -56.6721, 67.1329, -14.2975
13.4841, 42.5291, 12.9263, 2.0609, 7.0657, -55.0187, -4.61225, 7.19226, -24.8544, -6.13448, 3.83128, -16.8267, -56.6721, 67.1329, -14.2975
13.3806, 42.332, 13.0887, 2.062, 7.07251, -55.0961, -4.61267, 7.2013, -24.8846, -6.13472, 3.83609, -16.8495, -56.6721, 67.1329, -14.2975
13.2645, 42.111, 13.2708, 2.06322, 7.08015, -55.1829, -4.61314, 7.21143, -24.9185, -6.13499, 3.84149, -16.8752, -56.6721, 67.1329, -14.2975
13.0703, 41.7412, 13.5755, 2.06527, 7.09293, -55.3283, -4.61393, 7.22839, -24.9751, -6.13544, 3.85051, -16.9181, -56.6721, 67.1329, -14.2975
12.8724, 41.3644, 13.8859, 2.06736, 7.10595, -55.4763, -4.61473, 7.24567, -25.0329, -6.1359, 3.85971, -16.9618, -56.6721, 67.1329, -14.2975
12.7519, 41.135, 14.0749, 2.06864, 7.11388, -55.5665, -4.61522, 7.25619, -25.068, -6.13619, 3.86531, -16.9885, -56.6721, 67.1329, -14.2975
12.6444, 40.9303, 14.2436, 2.06977, 7.12096, -55.6469, -4.61566, 7.26558, -25.0994, -6.13644, 3.8703, -17.0122, -56.6721, 67.1329, -14.2975
12.4629, 40.5847, 14.5284, 2.07169, 7.1329, -55.7828, -4.6164, 7.28142, -25.1523, -6.13686, 3.87874, -17.0524, -56.6721, 67.1329, -14.2975
12.2606, 40.1993, 14.8459, 2.07383, 7.14622, -55.9342, -4.61722, 7.29909, -25.2113, -6.13733, 3.88814, -17.0971, -56.6721, 67.1329, -14.2975
12.1328, 39.956, 15.0464, 2.07518, 7.15464, -56.0299, -4.61774, 7.31026, -25.2486, -6.13763, 3.89408, -17.1253, -56.6721, 67.1329, -14.2975
12.0419, 39.7829, 15.189, 2.07614, 7.16062, -56.0979, -4.61811, 7.31819, -25.2752, -6.13784, 3.8983, -17.1454, -56.6721, 67.1329, -14.2975
11.8981, 39.5092, 15.4145, 2.07766, 7.17008, -56.2054, -4.61869, 7.33074, -25.3171, -6.13818, 3.90498, -17.1772, -56.6721, 67.1329, -14.2975
11.7234, 39.1765, 15.6886, 2.0795, 7.18157, -56.3362, -4.6194, 7.346, -25.368, -6.13858, 3.9131, -17.2158, -56.6721, 67.1329, -14.2975
11.6047, 38.9504, 15.8749, 2.08076, 7.18939, -56.425, -4.61988, 7.35637, -25.4027, -6.13886, 3.91862, -17.242, -56.6721, 67.1329, -14.2975
11.5339, 38.8157, 15.986, 2.0815, 7.19405, -56.478, -4.62017, 7.36254, -25.4233, -6.13903, 3.92191, -17.2577, -56.6721, 67.1329, -14.2975
11.4356, 38.6285, 16.1402, 2.08254, 7.20052, -56.5515, -4.62057, 7.37113, -25.452, -6.13926, 3.92648, -17.2794, -56.6721, 67.1329, -14.2975
11.3061, 38.3818, 16.3435, 2.08391, 7.20904, -56.6485, -4.62109, 7.38244, -25.4898, -6.13956, 3.9325, -17.308, -56.6721, 67.1329, -14.2975
11.2116, 38.202, 16.4916, 2.08491, 7.21526, -56.7191, -4.62148, 7.39068, -25.5173, -6.13978, 3.93688, -17.3289, -56.6721, 67.1329, -14.2975
11.1649, 38.1131, 16.5649, 2.0854, 7.21833, -56.7541, -4.62167, 7.39476, -25.531, -6.13989, 3.93905, -17.3392, -56.6721, 67.1329, -14.2975
11.1088, 38.0061, 16.653, 2.08599, 7.22203, -56.7961, -4.62189, 7.39966, -25.5473, -6.14002, 3.94166, -17.3516, -56.6721, 67.1329, -14.2975
11.0241, 37.8448, 16.7859, 2.08689, 7.2276, -56.8595, -4.62224, 7.40706, -25.5721, -6.14022, 3.9456, -17.3704, -56.6721, 67.1329, -14.2975
10.96, 37.7229, 16.8863, 2.08757, 7.23182, -56.9074, -4.6225, 7.41265, -25.5907, -6.14037, 3.94858, -17.3845, -56.6721, 67.1329, -14.2975
10.9407, 37.686, 16.9167, 2.08777, 7.23309, -56.9219, -4.62258, 7.41434, -25.5964, -6.14041, 3.94948, -17.3888, -56.6721, 67.1329, -14.2975
10.9246, 37.6554, 16.942, 2.08794, 7.23415, -56.934, -4.62264, 7.41575, -25.6011, -6.14045, 3.95022, -17.3924, -56.6721, 67.1329, -14.2975
10.8847, 37.5795, 17.0045, 2.08836, 7.23677, -56.9638, -4.6228, 7.41923, -25.6127, -6.14054, 3.95208, -17.4012, -56.6721, 67.1329, -14.2975
10.8554, 37.5237, 17.0504, 2.08867, 7.2387, -56.9857, -4.62292, 7.42178, -25.6213, -6.14061, 3.95344, -17.4076, -56.6721, 67.1329, -14.2975
10.8647, 37.5414, 17.0359, 2.08857, 7.23809, -56.9788, -4.62289, 7.42098, -25.6185, -6.14059, 3.95301, -17.4056, -56.6721, 67.1329, -14.2975
10.8874, 37.5847, 17.0002, 2.08833, 7.2366, -56.9617, -4.62279, 7.41899, -25.6119, -6.14053, 3.95195, -17.4006, -56.6721, 67.1329, -14.2975
10.8989, 37.6065, 16.9823, 2.08821, 7.23584, -56.9532, -4.62275, 7.41799, -25.6086, -6.14051, 3.95142, -17.398, -56.6721, 67.1329, -14.2975
10.9154, 37.6378, 16.9564, 2.08804, 7.23476, -56.9408, -4.62268, 7.41655, -25.6038, -6.14047, 3.95065, -17.3944, -56.6721, 67.1329, -14.2975
10.9562, 37.7157, 16.8923, 2.08761, 7.23207, -56.9103, -4.62251, 7.41298, -25.5919, -6.14037, 3.94875, -17.3854, -56.6721, 67.1329, -14.2975
11.0132, 37.8242, 16.8029, 2.087, 7.22832, -56.8676, -4.62228, 7.40801, -25.5752, -6.14024, 3.9461, -17.3728, -56.6721, 67.1329, -14.2975
11.0763, 37.9442, 16.704, 2.08634, 7.22417, -56.8204, -4.62203, 7.4025, -25.5568, -6.14009, 3.94318, -17.3588, -56.6721, 67.1329, -14.2975
11.1471, 38.0792, 16.5928, 2.08559, 7.2195, -56.7674, -4.62174, 7.39632, -25.5362, -6.13993, 3.93988, -17.3432, -56.6721, 67.1329, -14.2975
11.2243, 38.2262, 16.4717, 2.08477, 7.21442, -56.7096, -4.62143, 7.38957, -25.5136, -6.13975, 3.93629, -17.3261, -56.6721, 67.1329, -14.2975
11.3088, 38.387, 16.3391, 2.08388, 7.20886, -56.6464, -4.62108, 7.3822, -25.489, -6.13955, 3.93237, -17.3074, -56.6721, 67.1329, -14.2975
11.41, 38.5797, 16.1804, 2.08281, 7.2022, -56.5707, -4.62067, 7.37336, -25.4595, -6.13932, 3.92767, -17.2851, -56.6721, 67.1329, -14.2975
11.5273, 38.8031, 15.9963, 2.08157, 7.19448, -56.4829, -4.6202, 7.36312, -25.4253, -6.13904, 3.92221, -17.2591, -56.6721, 67.1329, -14.2975
11.642, 39.0216, 15.8163, 2.08036, 7.18693, -56.3971, -4.61973, 7.3531, -25.3918, -6.13877, 3.91688, -17.2338, -56.6721, 67.1329, -14.2975
11.7526, 39.232, 15.6429, 2.07919, 7.17966, -56.3144, -4.61928, 7.34345, -25.3595, -6.13852, 3.91175, -17.2094, -56.6721, 67.1329, -14.2975
11.8759, 39.4669, 15.4494, 2.07789, 7.17154, -56.2221, -4.61878, 7.33268, -25.3236, -6.13823, 3.90602, -17.1821, -56.6721, 67.1329, -14.2975
12.016, 39.7336, 15.2296, 2.07641, 7.16232, -56.1172, -4.61821, 7.32045, -25.2827, -6.1379, 3.8995, -17.1511, -56.6721, 67.1329, -14.2975
12.1576, 40.0033, 15.0074, 2.07492, 7.153, -56.0113, -4.61764, 7.30809, -25.2414, -6.13757, 3.89293, -17.1198, -56.6721, 67.1329, -14.2975
12.2969, 40.2684, 14.7889, 2.07344, 7.14384, -55.9071, -4.61707, 7.29593, -25.2008, -6.13725, 3.88645, -17.0891, -56.6721, 67.1329, -14.2975
12.438, 40.5372, 14.5675, 2.07195, 7.13455, -55.8014, -4.6165, 7.2836, -25.1596, -6.13692, 3.87989, -17.0579, -56.6721, 67.1329, -14.2975
12.581, 40.8095, 14.3431, 2.07044, 7.12513, -55.6944, -4.61592, 7.27111, -25.1179, -6.13658, 3.87325, -17.0263, -56.6721, 67.1329, -14.2975
12.7286, 41.0905, 14.1116, 2.06888, 7.11542, -55.584, -4.61532, 7.25823, -25.0748, -6.13624, 3.86639, -16.9936, -56.6721, 67.1329, -14.2975
12.8862, 41.3906, 13.8643, 2.06722, 7.10505, -55.4661, -4.61468, 7.24447, -25.0288, -6.13587, 3.85907, -16.9588, -56.6721, 67.1329, -14.2975
13.0424, 41.688, 13.6193, 2.06557, 7.09477, -55.3492, -4.61404, 7.23083, -24.9833, -6.13551, 3.85181, -16.9243, -56.6721, 67.1329, -14.2975
13.1839, 41.9574, 13.3973, 2.06407, 7.08546, -55.2433, -4.61347, 7.21848, -24.942, -6.13518, 3.84523, -16.893, -56.6721, 67.1329, -14.2975
13.3234, 42.2232, 13.1783, 2.0626, 7.07627, -55.1389, -4.6129, 7.20629, -24.9013, -6.13485, 3.83875, -16.8622, -56.6721, 67.1329, -14.2975
13.4772, 42.516, 12.937, 2.06098, 7.06615, -55.0238, -4.61228, 7.19286, -24.8564, -6.13449, 3.8316, -16.8282, -56.6721, 67.1329, -14.2975
13.6331, 42.8128, 12.6925, 2.05933, 7.05589, -54.9071, -4.61165, 7.17925, -24.811, -6.13413, 3.82436, -16.7937, -56.6721, 67.1329, -14.2975
13.7717, 43.0768, 12.475, 2.05786, 7.04677, -54.8034, -4.61108, 7.16715, -24.7705, -6.13381, 3.81792, -16.7631, -56.6721, 67.1329, -14.2975
13.9019, 43.3247, 12.2707, 2.05649, 7.0382, -54.706, -4.61055, 7.15578, -24.7325, -6.1335, 3.81187, -16.7343, -56.6721, 67.1329, -14.2975
14.0398, 43.5872, 12.0544, 2.05503, 7.02913, -54.6028, -4.60999, 7.14374, -24.6923, -6.13318, 3.80546, -16.7039, -56.6721, 67.1329, -14.2975
14.1803, 43.8548, 11.8339, 2.05355, 7.01988, -54.4976, -4.60942, 7.13147, -24.6513, -6.13285, 3.79893, -16.6728, -56.6721, 67.1329, -14.2975
14.3096, 44.1009, 11.6312, 2.05218, 7.01137, -54.4009, -4.6089, 7.12018, -24.6136, -6.13255, 3.79292, -16.6442, -56.6721, 67.1329, -14.2975
14.4296, 44.3296, 11.4428, 2.05091, 7.00347, -54.3111, -4.60841, 7.1097, -24.5786, -6.13227, 3.78734, -16.6177, -56.6721, 67.1329, -14.2975
14.5504, 44.5595, 11.2533, 2.04964, 6.99552, -54.2207, -4.60792, 7.09915, -24.5434, -6.13199, 3.78173, -16.591, -56.6721, 67.1329, -14.2975
14.6717, 44.7905, 11.063, 2.04836, 6.98754, -54.1299, -4.60743, 7.08857, -24.508, -6.13171, 3.7761, -16.5642, -56.6721, 67.1329, -14.2975
14.785, 45.0063, 10.8851, 2.04716, 6.98008, -54.0451, -4.60697, 7.07867, -24.4749, -6.13144, 3.77083, -16.5391, -56.6721, 67.1329, -14.2975
14.8897, 45.2056, 10.7209, 2.04605, 6.97319, -53.9668, -4.60654, 7.06953, -24.4444, -6.1312, 3.76596, -16.516, -56.6721, 67.1329, -14.2975
14.9909, 45.3983, 10.5621, 2.04498, 6.96653, -53.8911, -4.60613, 7.06069, -24.4149, -6.13096, 3.76126, -16.4936, -56.6721, 67.1329, -14.2975
15.0901, 45.5872, 10.4066, 2.04394, 6.96, -53.8168, -4.60573, 7.05203, -24.3859, -6.13073, 3.75665, -16.4717, -56.6721, 67.1329, -14.2975
15.1822, 45.7626, 10.262, 2.04296, 6.95394, -53.7479, -4.60535, 7.04399, -24.359, -6.13052, 3.75237, -16.4514, -56.6721, 67.1329, -14.2975
15.2657, 45.9215, 10.1311, 2.04208, 6.94844, -53.6855, -4.60502, 7.0367, -24.3347, -6.13032, 3.74849, -16.4329, -56.6721, 67.1329, -14.2975
15.343, 46.0687, 10.0098, 2.04127, 6.94336, -53.6276, -4.6047, 7.02995, -24.3122, -6.13014, 3.7449, -16.4158, -56.6721, 67.1329, -14.2975
15.4154, 46.2066, 9.89619, 2.0405, 6.93859, -53.5734, -4.60441, 7.02363, -24.291, -6.12997, 3.74154, -16.3998, -56.6721, 67.1329, -14.2975
15.4811, 46.3318, 9.79305, 2.03981, 6.93426, -53.5242, -4.60414, 7.01789, -24.2719, -6.12982, 3.73848, -16.3853, -56.6721, 67.1329, -14.2975
15.5393, 46.4425, 9.70179, 2.03919, 6.93044, -53.4807, -4.60391, 7.01281, -24.2549, -6.12969, 3.73578, -16.3724, -56.6721, 67.1329, -14.2975
15.5902, 46.5395, 9.62192, 2.03865, 6.92709, -53.4426, -4.6037, 7.00836, -24.24, -6.12957, 3.73341, -16.3612, -56.6721, 67.1329, -14.2975
15.6337, 46.6224, 9.55359, 2.03819, 6.92422, -53.41, -4.60352, 7.00456, -24.2273, -6.12947, 3.73139, -16.3516, -56.6721, 67.1329, -14.2975
15.67, 46.6915, 9.49665, 2.03781, 6.92183, -53.3829, -4.60337, 7.00139, -24.2167, -6.12938, 3.7297, -16.3435, -56.6721, 67.1329, -14.2975
15.6996, 46.7478, 9.45023, 2.0375, 6.91988, -53.3607, -4.60325, 6.99881, -24.2081, -6.12931, 3.72833, -16.337, -56.6721, 67.1329, -14.2975
15.7216, 46.7896, 9.41581, 2.03727, 6.91844, -53.3443, -4.60316, 6.99689, -24.2017, -6.12926, 3.72731, -16.3321, -56.6721, 67.1329, -14.2975
15.7337, 46.8127, 9.39681, 2.03714, 6.91764, -53.3352, -4.60312, 6.99584, -24.1982, -6.12923, 3.72674, -16.3295, -56.6721, 67.1329, -14.2975
15.7367, 46.8184, 9.39206, 2.03711, 6.91744, -53.333, -4.6031, 6.99557, -24.1973, -6.12923, 3.7266, -16.3288, -56.6721, 67.1329, -14.2975
15.7322, 46.8099, 9.3991, 2.03715, 6.91774, -53.3363, -4.60312, 6.99596, -24.1986, -6.12924, 3.72681, -16.3298, -56.6721, 67.1329, -14.2975
